image: map2.pgm
resolution: 0.20000
origin: [-15.880000, -15.880000, 0.000000]
negate: 0
occupied_thresh: 0.65
free_thresh: 0.196

